Coursework One Results by Lukasz Koprowski (lk1510)& Agata Mosinska (am9310)

Dependency Matrix

[[  0.00000000e+00   4.45585476e-02   2.56664894e-02   4.79586392e-02
    3.39523121e-02   2.36705056e-02   3.91021424e-02   8.61069161e-02
    1.57216080e-02]
 [  4.45585476e-02   0.00000000e+00   9.39449021e-03   6.04331407e-02
    6.88295714e-02   3.03033767e-02   7.13728429e-02   8.25544052e-02
    2.65994072e-03]
 [  2.56664894e-02   9.39449021e-03   0.00000000e+00   1.16566109e-02
    7.15399430e-03   1.56262972e-03   7.01927688e-03   4.91216051e-03
    5.18065828e-04]
 [  4.79586392e-02   6.04331407e-02   1.16566109e-02   0.00000000e+00
    5.38902145e-01   2.74519242e-01   3.16222900e-02   3.24220406e-02
    5.77265528e-03]
 [  3.39523121e-02   6.88295714e-02   7.15399430e-03   5.38902145e-01
    0.00000000e+00   6.05813785e-01   4.05599158e-02   5.05071649e-02
    8.39899979e-03]
 [  2.36705056e-02   3.03033767e-02   1.56262972e-03   2.74519242e-01
    6.05813785e-01   0.00000000e+00   2.50925557e-02   4.13511752e-02
    1.61116433e-02]
 [  3.91021424e-02   7.13728429e-02   7.01927688e-03   3.16222900e-02
    4.05599158e-02   2.50925557e-02   0.00000000e+00   6.29437280e-02
    3.84590270e-03]
 [  8.61069161e-02   8.25544052e-02   4.91216051e-03   3.24220406e-02
    5.05071649e-02   4.13511752e-02   6.29437280e-02   0.00000000e+00
    3.19977738e-02]
 [  1.57216080e-02   2.65994072e-03   5.18065828e-04   5.77265528e-03
    8.39899979e-03   1.61116433e-02   3.84590270e-03   3.19977738e-02
    0.00000000e+00]]
Coursework One Results by Lukasz Koprowski (lk1510)& Agata Mosinska (am9310)

Dependency Matrix
Coursework One Results by Lukasz Koprowski (lk1510)& Agata Mosinska (am9310)

Dependency Matrix

[[  0.00000000e+00   4.45585476e-02   2.56664894e-02   4.79586392e-02
    3.39523121e-02   2.36705056e-02   3.91021424e-02   8.61069161e-02
    1.57216080e-02]
 [  4.45585476e-02   0.00000000e+00   9.39449021e-03   6.04331407e-02
    6.88295714e-02   3.03033767e-02   7.13728429e-02   8.25544052e-02
    2.65994072e-03]
 [  2.56664894e-02   9.39449021e-03   0.00000000e+00   1.16566109e-02
    7.15399430e-03   1.56262972e-03   7.01927688e-03   4.91216051e-03
    5.18065828e-04]
 [  4.79586392e-02   6.04331407e-02   1.16566109e-02   0.00000000e+00
    5.38902145e-01   2.74519242e-01   3.16222900e-02   3.24220406e-02
    5.77265528e-03]
 [  3.39523121e-02   6.88295714e-02   7.15399430e-03   5.38902145e-01
    0.00000000e+00   6.05813785e-01   4.05599158e-02   5.05071649e-02
    8.39899979e-03]
 [  2.36705056e-02   3.03033767e-02   1.56262972e-03   2.74519242e-01
    6.05813785e-01   0.00000000e+00   2.50925557e-02   4.13511752e-02
    1.61116433e-02]
 [  3.91021424e-02   7.13728429e-02   7.01927688e-03   3.16222900e-02
    4.05599158e-02   2.50925557e-02   0.00000000e+00   6.29437280e-02
    3.84590270e-03]
 [  8.61069161e-02   8.25544052e-02   4.91216051e-03   3.24220406e-02
    5.05071649e-02   4.13511752e-02   6.29437280e-02   0.00000000e+00
    3.19977738e-02]
 [  1.57216080e-02   2.65994072e-03   5.18065828e-04   5.77265528e-03
    8.39899979e-03   1.61116433e-02   3.84590270e-03   3.19977738e-02
    0.00000000e+00]]

Dependency List
Coursework One Results by Lukasz Koprowski (lk1510)& Agata Mosinska (am9310)

Dependency Matrix

[[  0.00000000e+00   4.45585476e-02   2.56664894e-02   4.79586392e-02
    3.39523121e-02   2.36705056e-02   3.91021424e-02   8.61069161e-02
    1.57216080e-02]
 [  4.45585476e-02   0.00000000e+00   9.39449021e-03   6.04331407e-02
    6.88295714e-02   3.03033767e-02   7.13728429e-02   8.25544052e-02
    2.65994072e-03]
 [  2.56664894e-02   9.39449021e-03   0.00000000e+00   1.16566109e-02
    7.15399430e-03   1.56262972e-03   7.01927688e-03   4.91216051e-03
    5.18065828e-04]
 [  4.79586392e-02   6.04331407e-02   1.16566109e-02   0.00000000e+00
    5.38902145e-01   2.74519242e-01   3.16222900e-02   3.24220406e-02
    5.77265528e-03]
 [  3.39523121e-02   6.88295714e-02   7.15399430e-03   5.38902145e-01
    0.00000000e+00   6.05813785e-01   4.05599158e-02   5.05071649e-02
    8.39899979e-03]
 [  2.36705056e-02   3.03033767e-02   1.56262972e-03   2.74519242e-01
    6.05813785e-01   0.00000000e+00   2.50925557e-02   4.13511752e-02
    1.61116433e-02]
 [  3.91021424e-02   7.13728429e-02   7.01927688e-03   3.16222900e-02
    4.05599158e-02   2.50925557e-02   0.00000000e+00   6.29437280e-02
    3.84590270e-03]
 [  8.61069161e-02   8.25544052e-02   4.91216051e-03   3.24220406e-02
    5.05071649e-02   4.13511752e-02   6.29437280e-02   0.00000000e+00
    3.19977738e-02]
 [  1.57216080e-02   2.65994072e-03   5.18065828e-04   5.77265528e-03
    8.39899979e-03   1.61116433e-02   3.84590270e-03   3.19977738e-02
    0.00000000e+00]]

Dependency List
Coursework One Results by Lukasz Koprowski (lk1510)& Agata Mosinska (am9310)

Dependency Matrix

[[  0.00000000e+00   4.45585476e-02   2.56664894e-02   4.79586392e-02
    3.39523121e-02   2.36705056e-02   3.91021424e-02   8.61069161e-02
    1.57216080e-02]
 [  4.45585476e-02   0.00000000e+00   9.39449021e-03   6.04331407e-02
    6.88295714e-02   3.03033767e-02   7.13728429e-02   8.25544052e-02
    2.65994072e-03]
 [  2.56664894e-02   9.39449021e-03   0.00000000e+00   1.16566109e-02
    7.15399430e-03   1.56262972e-03   7.01927688e-03   4.91216051e-03
    5.18065828e-04]
 [  4.79586392e-02   6.04331407e-02   1.16566109e-02   0.00000000e+00
    5.38902145e-01   2.74519242e-01   3.16222900e-02   3.24220406e-02
    5.77265528e-03]
 [  3.39523121e-02   6.88295714e-02   7.15399430e-03   5.38902145e-01
    0.00000000e+00   6.05813785e-01   4.05599158e-02   5.05071649e-02
    8.39899979e-03]
 [  2.36705056e-02   3.03033767e-02   1.56262972e-03   2.74519242e-01
    6.05813785e-01   0.00000000e+00   2.50925557e-02   4.13511752e-02
    1.61116433e-02]
 [  3.91021424e-02   7.13728429e-02   7.01927688e-03   3.16222900e-02
    4.05599158e-02   2.50925557e-02   0.00000000e+00   6.29437280e-02
    3.84590270e-03]
 [  8.61069161e-02   8.25544052e-02   4.91216051e-03   3.24220406e-02
    5.05071649e-02   4.13511752e-02   6.29437280e-02   0.00000000e+00
    3.19977738e-02]
 [  1.57216080e-02   2.65994072e-03   5.18065828e-04   5.77265528e-03
    8.39899979e-03   1.61116433e-02   3.84590270e-03   3.19977738e-02
    0.00000000e+00]]

Dependency List
Coursework One Results by Lukasz Koprowski (lk1510)& Agata Mosinska (am9310)

Dependency Matrix

[[ 0.          0.7923513   1.30195469  0.77513615  1.32607728  0.4192202 ]
 [ 0.7923513   0.          1.04710401  1.00576252  0.98639493  0.42917598]
 [ 1.30195469  1.04710401  0.          1.00254185  1.68610123  0.49083606]
 [ 0.77513615  1.00576252  1.00254185  0.          0.9386121   0.31313094]
 [ 1.32607728  0.98639493  1.68610123  0.9386121   0.          0.41428912]
 [ 0.4192202   0.42917598  0.49083606  0.31313094  0.41428912  0.        ]]

Dependency List
Coursework One Results by Lukasz Koprowski (lk1510)& Agata Mosinska (am9310)

Dependency Matrix

[[ 0.          0.7923513   1.30195469  0.77513615  1.32607728  0.4192202 ]
 [ 0.7923513   0.          1.04710401  1.00576252  0.98639493  0.42917598]
 [ 1.30195469  1.04710401  0.          1.00254185  1.68610123  0.49083606]
 [ 0.77513615  1.00576252  1.00254185  0.          0.9386121   0.31313094]
 [ 1.32607728  0.98639493  1.68610123  0.9386121   0.          0.41428912]
 [ 0.4192202   0.42917598  0.49083606  0.31313094  0.41428912  0.        ]]

Dependency List
Coursework One Results by Lukasz Koprowski (lk1510)& Agata Mosinska (am9310)

Dependency Matrix

[[ 0.          0.7923513   1.30195469  0.77513615  1.32607728  0.4192202 ]
 [ 0.7923513   0.          1.04710401  1.00576252  0.98639493  0.42917598]
 [ 1.30195469  1.04710401  0.          1.00254185  1.68610123  0.49083606]
 [ 0.77513615  1.00576252  1.00254185  0.          0.9386121   0.31313094]
 [ 1.32607728  0.98639493  1.68610123  0.9386121   0.          0.41428912]
 [ 0.4192202   0.42917598  0.49083606  0.31313094  0.41428912  0.        ]]

Dependency List
Coursework One Results by Lukasz Koprowski (lk1510)& Agata Mosinska (am9310)

Dependency Matrix

[[ 0.          0.7923513   1.30195469  0.77513615  1.32607728  0.4192202 ]
 [ 0.7923513   0.          1.04710401  1.00576252  0.98639493  0.42917598]
 [ 1.30195469  1.04710401  0.          1.00254185  1.68610123  0.49083606]
 [ 0.77513615  1.00576252  1.00254185  0.          0.9386121   0.31313094]
 [ 1.32607728  0.98639493  1.68610123  0.9386121   0.          0.41428912]
 [ 0.4192202   0.42917598  0.49083606  0.31313094  0.41428912  0.        ]]

Dependency List
Coursework One Results by Lukasz Koprowski (lk1510)& Agata Mosinska (am9310)

Dependency Matrix

[[ 0.          0.7923513   1.30195469  0.77513615  1.32607728  0.4192202 ]
 [ 0.7923513   0.          1.04710401  1.00576252  0.98639493  0.42917598]
 [ 1.30195469  1.04710401  0.          1.00254185  1.68610123  0.49083606]
 [ 0.77513615  1.00576252  1.00254185  0.          0.9386121   0.31313094]
 [ 1.32607728  0.98639493  1.68610123  0.9386121   0.          0.41428912]
 [ 0.4192202   0.42917598  0.49083606  0.31313094  0.41428912  0.        ]]

Dependency List
Coursework One Results by Lukasz Koprowski (lk1510)& Agata Mosinska (am9310)

Dependency Matrix

[[ 0.          0.7923513   1.30195469  0.77513615  1.32607728  0.4192202 ]
 [ 0.7923513   0.          1.04710401  1.00576252  0.98639493  0.42917598]
 [ 1.30195469  1.04710401  0.          1.00254185  1.68610123  0.49083606]
 [ 0.77513615  1.00576252  1.00254185  0.          0.9386121   0.31313094]
 [ 1.32607728  0.98639493  1.68610123  0.9386121   0.          0.41428912]
 [ 0.4192202   0.42917598  0.49083606  0.31313094  0.41428912  0.        ]]

Dependency List
[ 0.  2.  4.  0.  0.  4.  0.  0.  2.  0.  1.  2.  0.  1.  3.  0.  2.  3.
  0.  1.  4.  0.  3.  4.  0.  0.  1.  0.  0.  3.  0.  2.  5.  0.  1.  5.
  0.  0.  5.  0.  4.  5.  0.  3.  5.]
Coursework One Results by Lukasz Koprowski (lk1510)& Agata Mosinska (am9310)

Dependency Matrix

[[ 0.          0.7923513   1.30195469  0.77513615  1.32607728  0.4192202 ]
 [ 0.7923513   0.          1.04710401  1.00576252  0.98639493  0.42917598]
 [ 1.30195469  1.04710401  0.          1.00254185  1.68610123  0.49083606]
 [ 0.77513615  1.00576252  1.00254185  0.          0.9386121   0.31313094]
 [ 1.32607728  0.98639493  1.68610123  0.9386121   0.          0.41428912]
 [ 0.4192202   0.42917598  0.49083606  0.31313094  0.41428912  0.        ]]

Dependency List
Coursework One Results by Lukasz Koprowski (lk1510)& Agata Mosinska (am9310)

Dependency Matrix

[[ 0.          0.7923513   1.30195469  0.77513615  1.32607728  0.4192202 ]
 [ 0.7923513   0.          1.04710401  1.00576252  0.98639493  0.42917598]
 [ 1.30195469  1.04710401  0.          1.00254185  1.68610123  0.49083606]
 [ 0.77513615  1.00576252  1.00254185  0.          0.9386121   0.31313094]
 [ 1.32607728  0.98639493  1.68610123  0.9386121   0.          0.41428912]
 [ 0.4192202   0.42917598  0.49083606  0.31313094  0.41428912  0.        ]]

Dependency List
[ 0.  3.  5.]
Coursework One Results by Lukasz Koprowski (lk1510)& Agata Mosinska (am9310)

Dependency Matrix

[[ 0.          0.7923513   1.30195469  0.77513615  1.32607728  0.4192202 ]
 [ 0.7923513   0.          1.04710401  1.00576252  0.98639493  0.42917598]
 [ 1.30195469  1.04710401  0.          1.00254185  1.68610123  0.49083606]
 [ 0.77513615  1.00576252  1.00254185  0.          0.9386121   0.31313094]
 [ 1.32607728  0.98639493  1.68610123  0.9386121   0.          0.41428912]
 [ 0.4192202   0.42917598  0.49083606  0.31313094  0.41428912  0.        ]]

Dependency List
[ 0.  3.  5.]
Coursework One Results by Lukasz Koprowski (lk1510)& Agata Mosinska (am9310)

Dependency Matrix

[[ 0.          0.7923513   1.30195469  0.77513615  1.32607728  0.4192202 ]
 [ 0.7923513   0.          1.04710401  1.00576252  0.98639493  0.42917598]
 [ 1.30195469  1.04710401  0.          1.00254185  1.68610123  0.49083606]
 [ 0.77513615  1.00576252  1.00254185  0.          0.9386121   0.31313094]
 [ 1.32607728  0.98639493  1.68610123  0.9386121   0.          0.41428912]
 [ 0.4192202   0.42917598  0.49083606  0.31313094  0.41428912  0.        ]]

Dependency List
[ 0.31313094  3.          5.        ]
Coursework One Results by Lukasz Koprowski (lk1510)& Agata Mosinska (am9310)

Dependency Matrix

[[ 0.          0.7923513   1.30195469  0.77513615  1.32607728  0.4192202 ]
 [ 0.7923513   0.          1.04710401  1.00576252  0.98639493  0.42917598]
 [ 1.30195469  1.04710401  0.          1.00254185  1.68610123  0.49083606]
 [ 0.77513615  1.00576252  1.00254185  0.          0.9386121   0.31313094]
 [ 1.32607728  0.98639493  1.68610123  0.9386121   0.          0.41428912]
 [ 0.4192202   0.42917598  0.49083606  0.31313094  0.41428912  0.        ]]

Dependency List
[ 0.31313094  3.          5.        ]
Coursework One Results by Lukasz Koprowski (lk1510)& Agata Mosinska (am9310)

Dependency Matrix

[[ 0.          0.7923513   1.30195469  0.77513615  1.32607728  0.4192202 ]
 [ 0.7923513   0.          1.04710401  1.00576252  0.98639493  0.42917598]
 [ 1.30195469  1.04710401  0.          1.00254185  1.68610123  0.49083606]
 [ 0.77513615  1.00576252  1.00254185  0.          0.9386121   0.31313094]
 [ 1.32607728  0.98639493  1.68610123  0.9386121   0.          0.41428912]
 [ 0.4192202   0.42917598  0.49083606  0.31313094  0.41428912  0.        ]]

Dependency List
[ 1.68610123  2.          4.          1.32607728  0.          4.
  1.30195469  0.          2.          1.04710401  1.          2.
  1.00576252  1.          3.          1.00254185  2.          3.
  0.98639493  1.          4.          0.9386121   3.          4.          0.7923513
  0.          1.          0.77513615  0.          3.          0.49083606
  2.          5.          0.42917598  1.          5.          0.4192202   0.
  5.          0.41428912  4.          5.          0.31313094  3.          5.        ]
Coursework One Results by Lukasz Koprowski (lk1510)& Agata Mosinska (am9310)

Dependency Matrix

[[ 0.          0.7923513   1.30195469  0.77513615  1.32607728  0.4192202 ]
 [ 0.7923513   0.          1.04710401  1.00576252  0.98639493  0.42917598]
 [ 1.30195469  1.04710401  0.          1.00254185  1.68610123  0.49083606]
 [ 0.77513615  1.00576252  1.00254185  0.          0.9386121   0.31313094]
 [ 1.32607728  0.98639493  1.68610123  0.9386121   0.          0.41428912]
 [ 0.4192202   0.42917598  0.49083606  0.31313094  0.41428912  0.        ]]

Dependency List
Coursework One Results by Lukasz Koprowski (lk1510)& Agata Mosinska (am9310)

Dependency Matrix

[[ 0.          0.7923513   1.30195469  0.77513615  1.32607728  0.4192202 ]
 [ 0.7923513   0.          1.04710401  1.00576252  0.98639493  0.42917598]
 [ 1.30195469  1.04710401  0.          1.00254185  1.68610123  0.49083606]
 [ 0.77513615  1.00576252  1.00254185  0.          0.9386121   0.31313094]
 [ 1.32607728  0.98639493  1.68610123  0.9386121   0.          0.41428912]
 [ 0.4192202   0.42917598  0.49083606  0.31313094  0.41428912  0.        ]]

Dependency List
Coursework One Results by Lukasz Koprowski (lk1510)& Agata Mosinska (am9310)

Dependency Matrix

[[ 0.          0.7923513   1.30195469  0.77513615  1.32607728  0.4192202 ]
 [ 0.7923513   0.          1.04710401  1.00576252  0.98639493  0.42917598]
 [ 1.30195469  1.04710401  0.          1.00254185  1.68610123  0.49083606]
 [ 0.77513615  1.00576252  1.00254185  0.          0.9386121   0.31313094]
 [ 1.32607728  0.98639493  1.68610123  0.9386121   0.          0.41428912]
 [ 0.4192202   0.42917598  0.49083606  0.31313094  0.41428912  0.        ]]

Dependency List
Coursework One Results by Lukasz Koprowski (lk1510)& Agata Mosinska (am9310)

Dependency Matrix

[[ 0.          0.7923513   1.30195469  0.77513615  1.32607728  0.4192202 ]
 [ 0.7923513   0.          1.04710401  1.00576252  0.98639493  0.42917598]
 [ 1.30195469  1.04710401  0.          1.00254185  1.68610123  0.49083606]
 [ 0.77513615  1.00576252  1.00254185  0.          0.9386121   0.31313094]
 [ 1.32607728  0.98639493  1.68610123  0.9386121   0.          0.41428912]
 [ 0.4192202   0.42917598  0.49083606  0.31313094  0.41428912  0.        ]]

Dependency List
[[ 1.68610123  2.          4.        ]
 [ 1.32607728  0.          4.        ]
 [ 1.30195469  0.          2.        ]
 [ 1.04710401  1.          2.        ]
 [ 1.00576252  1.          3.        ]
 [ 1.00254185  2.          3.        ]
 [ 0.98639493  1.          4.        ]
 [ 0.9386121   3.          4.        ]
 [ 0.7923513   0.          1.        ]
 [ 0.77513615  0.          3.        ]
 [ 0.49083606  2.          5.        ]
 [ 0.42917598  1.          5.        ]
 [ 0.4192202   0.          5.        ]
 [ 0.41428912  4.          5.        ]
 [ 0.31313094  3.          5.        ]]
